2926718592
2926627787
2926449374
2926388579
2926328450
2926286373
2925779862
2925738881
2923608116
2923569317
2921262135
2921111551
2921009937
2920960443
2918409293
2915632459
2915494246
2915365182
2915292624
2915273480
2915220258
2915191202
2914732006
2914682790
2914639561
2914597585
2914586053
2914557558
2914506089
2914498997
2914482875
2913834474
2913814516
2913791701
2913204126
2913192605
2912264499
2912243499
2912219899
2912190420
2912138854
2911633529
2911616117
2911577440
2911566142
2911562781
2911524186
2911481001
2911470605
2908811674
2926718592
2926718592
2926718592
2926718592
2926627787
2926449374
2926388579
2926328450
2926286373
2925779862
2925738881
2923608116
2926743123
2926718592
2926627787
2926449374
2926388579
2926328450
2926286373
2925779862
2925738881
2923608116
2923569317
2921262135
2921111551
2921009937
2920960443
2918409293
2915632459
2915494246
2915365182
2915292624
2915273480
2915220258
2915191202
2914732006
2914682790
2914639561
2914597585
2914586053
2914557558
2914506089
2914498997
2914482875
2913834474
2913814516
2913791701
2913204126
2913192605
2912264499
2912243499
2912219899
2912190420
2912138854
2911633529
2911616117
2911577440
2911566142
2911562781
2911524186
2911481001
2911470605
2926743123
2926718592
2926627787
2926449374
2926388579
2926743123
2926718592
2926743123
2926718592
2926743123
2926718592
2926743123
2926718592
2926743123
2926718592
2926743123
2926718592
2926743123
2926718592
2926758954
2926743123
2926758954
2926743123
2926798413
2926743123
2926743123
2926718592
2926784117
2926748999
2926795136
2926780355
